[[0, 0, 0, 0, 0, 0, 0, 0, 0, 0, 0, 0, 0, 0, 0, 0, 0, 0, 0, 0, 0, 0, 0, 0, 0, 0, 0, 0, 0, 0, 0, 0, 0, 0, 0, 0, 0, 0, 0, 0, 0, 0, 0, 0, 0, 0, 0, 0, 0, 0, 0, 0, 0, 0, 0, 0, 0, 0, 0, 0, 0, 0, 0, 0, 0, 0, 0, 0, 0, 0, 0, 0, 0, 0, 0, 0, 0, 0, 0, 0, 0, 0, 0, 0, 0, 0, 0, 0, 0, 0, 0, 0, 0, 0, 0, 0, 0, 0, 0, 0, 0, 0, 0, 0, 0, 0, 0, 0, 0, 0, 0, 0, 0, 0, 0, 0, 0, 0, 0, 0, 0, 0, 0, 0, 0, 0, 0, 0, 0, 0, 0, 0, 0, 0, 0, 0, 0, 0, 0, 0, 0, 0, 0, 0, 0, 0, 0, 0, 0, 0, 0, 0, 0, 0, 0, 0, 0, 0, 0, 0, 0, 0, 0, 0, 0, 0, 0, 0, 0, 0, 0, 0, 0, 0, 0, 0, 0, 0, 0, 0, 0, 0, 0, 0, 0, 0, 0, 0, 0, 0, 0, 0, 0, 0, 0, 0, 0, 0, 0, 0, 0, 0, 0, 0, 0, 0, 0, 0, 0, 0, 0, 0, 0, 0, 0, 0, 0, 0, 0, 0, 0, 0, 0, 0, 0, 0, 0, 0, 0, 0, 0, 0, 0, 0, 0, 0, 0, 0, 0, 0, 0, 0, 0, 0, 0, 0, 0, 0, 0, 0, 0, 0, 0, 0, 0, 0], [0, 1, 2, 3, 4, 5, 6, 7, 8, 9, 10, 11, 12, 13, 14, 15, 16, 17, 18, 19, 20, 21, 22, 23, 24, 25, 26, 27, 28, 29, 30, 31, 32, 33, 34, 35, 36, 37, 38, 39, 40, 41, 42, 43, 44, 45, 46, 47, 48, 49, 50, 51, 52, 53, 54, 55, 56, 57, 58, 59, 60, 61, 62, 63, 64, 65, 66, 67, 68, 69, 70, 71, 72, 73, 74, 75, 76, 77, 78, 79, 80, 81, 82, 83, 84, 85, 86, 87, 88, 89, 90, 91, 92, 93, 94, 95, 96, 97, 98, 99, 100, 101, 102, 103, 104, 105, 106, 107, 108, 109, 110, 111, 112, 113, 114, 115, 116, 117, 118, 119, 120, 121, 122, 123, 124, 125, 126, 127, 128, 129, 130, 131, 132, 133, 134, 135, 136, 137, 138, 139, 140, 141, 142, 143, 144, 145, 146, 147, 148, 149, 150, 151, 152, 153, 154, 155, 156, 157, 158, 159, 160, 161, 162, 163, 164, 165, 166, 167, 168, 169, 170, 171, 172, 173, 174, 175, 176, 177, 178, 179, 180, 181, 182, 183, 184, 185, 186, 187, 188, 189, 190, 191, 192, 193, 194, 195, 196, 197, 198, 199, 200, 201, 202, 203, 204, 205, 206, 207, 208, 209, 210, 211, 212, 213, 214, 215, 216, 217, 218, 219, 220, 221, 222, 223, 224, 225, 226, 227, 228, 229, 230, 231, 232, 233, 234, 235, 236, 237, 238, 239, 240, 241, 242, 243, 244, 245, 246, 247, 248, 249, 250, 251, 252, 253, 254, 255], [0, 2, 3, 1, 8, 10, 11, 9, 12, 14, 15, 13, 4, 6, 7, 5, 32, 34, 35, 33, 40, 42, 43, 41, 44, 46, 47, 45, 36, 38, 39, 37, 48, 50, 51, 49, 56, 58, 59, 57, 60, 62, 63, 61, 52, 54, 55, 53, 16, 18, 19, 17, 24, 26, 27, 25, 28, 30, 31, 29, 20, 22, 23, 21, 128, 130, 131, 129, 136, 138, 139, 137, 140, 142, 143, 141, 132, 134, 135, 133, 160, 162, 163, 161, 168, 170, 171, 169, 172, 174, 175, 173, 164, 166, 167, 165, 176, 178, 179, 177, 184, 186, 187, 185, 188, 190, 191, 189, 180, 182, 183, 181, 144, 146, 147, 145, 152, 154, 155, 153, 156, 158, 159, 157, 148, 150, 151, 149, 192, 194, 195, 193, 200, 202, 203, 201, 204, 206, 207, 205, 196, 198, 199, 197, 224, 226, 227, 225, 232, 234, 235, 233, 236, 238, 239, 237, 228, 230, 231, 229, 240, 242, 243, 241, 248, 250, 251, 249, 252, 254, 255, 253, 244, 246, 247, 245, 208, 210, 211, 209, 216, 218, 219, 217, 220, 222, 223, 221, 212, 214, 215, 213, 64, 66, 67, 65, 72, 74, 75, 73, 76, 78, 79, 77, 68, 70, 71, 69, 96, 98, 99, 97, 104, 106, 107, 105, 108, 110, 111, 109, 100, 102, 103, 101, 112, 114, 115, 113, 120, 122, 123, 121, 124, 126, 127, 125, 116, 118, 119, 117, 80, 82, 83, 81, 88, 90, 91, 89, 92, 94, 95, 93, 84, 86, 87, 85], [0, 3, 1, 2, 12, 15, 13, 14, 4, 7, 5, 6, 8, 11, 9, 10, 48, 51, 49, 50, 60, 63, 61, 62, 52, 55, 53, 54, 56, 59, 57, 58, 16, 19, 17, 18, 28, 31, 29, 30, 20, 23, 21, 22, 24, 27, 25, 26, 32, 35, 33, 34, 44, 47, 45, 46, 36, 39, 37, 38, 40, 43, 41, 42, 192, 195, 193, 194, 204, 207, 205, 206, 196, 199, 197, 198, 200, 203, 201, 202, 240, 243, 241, 242, 252, 255, 253, 254, 244, 247, 245, 246, 248, 251, 249, 250, 208, 211, 209, 210, 220, 223, 221, 222, 212, 215, 213, 214, 216, 219, 217, 218, 224, 227, 225, 226, 236, 239, 237, 238, 228, 231, 229, 230, 232, 235, 233, 234, 64, 67, 65, 66, 76, 79, 77, 78, 68, 71, 69, 70, 72, 75, 73, 74, 112, 115, 113, 114, 124, 127, 125, 126, 116, 119, 117, 118, 120, 123, 121, 122, 80, 83, 81, 82, 92, 95, 93, 94, 84, 87, 85, 86, 88, 91, 89, 90, 96, 99, 97, 98, 108, 111, 109, 110, 100, 103, 101, 102, 104, 107, 105, 106, 128, 131, 129, 130, 140, 143, 141, 142, 132, 135, 133, 134, 136, 139, 137, 138, 176, 179, 177, 178, 188, 191, 189, 190, 180, 183, 181, 182, 184, 187, 185, 186, 144, 147, 145, 146, 156, 159, 157, 158, 148, 151, 149, 150, 152, 155, 153, 154, 160, 163, 161, 162, 172, 175, 173, 174, 164, 167, 165, 166, 168, 171, 169, 170], [0, 4, 8, 12, 9, 13, 1, 5, 14, 10, 6, 2, 7, 3, 15, 11, 64, 68, 72, 76, 73, 77, 65, 69, 78, 74, 70, 66, 71, 67, 79, 75, 128, 132, 136, 140, 137, 141, 129, 133, 142, 138, 134, 130, 135, 131, 143, 139, 192, 196, 200, 204, 201, 205, 193, 197, 206, 202, 198, 194, 199, 195, 207, 203, 144, 148, 152, 156, 153, 157, 145, 149, 158, 154, 150, 146, 151, 147, 159, 155, 208, 212, 216, 220, 217, 221, 209, 213, 222, 218, 214, 210, 215, 211, 223, 219, 16, 20, 24, 28, 25, 29, 17, 21, 30, 26, 22, 18, 23, 19, 31, 27, 80, 84, 88, 92, 89, 93, 81, 85, 94, 90, 86, 82, 87, 83, 95, 91, 224, 228, 232, 236, 233, 237, 225, 229, 238, 234, 230, 226, 231, 227, 239, 235, 160, 164, 168, 172, 169, 173, 161, 165, 174, 170, 166, 162, 167, 163, 175, 171, 96, 100, 104, 108, 105, 109, 97, 101, 110, 106, 102, 98, 103, 99, 111, 107, 32, 36, 40, 44, 41, 45, 33, 37, 46, 42, 38, 34, 39, 35, 47, 43, 112, 116, 120, 124, 121, 125, 113, 117, 126, 122, 118, 114, 119, 115, 127, 123, 48, 52, 56, 60, 57, 61, 49, 53, 62, 58, 54, 50, 55, 51, 63, 59, 240, 244, 248, 252, 249, 253, 241, 245, 254, 250, 246, 242, 247, 243, 255, 251, 176, 180, 184, 188, 185, 189, 177, 181, 190, 186, 182, 178, 183, 179, 191, 187], [0, 5, 10, 15, 13, 8, 7, 2, 6, 3, 12, 9, 11, 14, 1, 4, 80, 85, 90, 95, 93, 88, 87, 82, 86, 83, 92, 89, 91, 94, 81, 84, 160, 165, 170, 175, 173, 168, 167, 162, 166, 163, 172, 169, 171, 174, 161, 164, 240, 245, 250, 255, 253, 248, 247, 242, 246, 243, 252, 249, 251, 254, 241, 244, 208, 213, 218, 223, 221, 216, 215, 210, 214, 211, 220, 217, 219, 222, 209, 212, 128, 133, 138, 143, 141, 136, 135, 130, 134, 131, 140, 137, 139, 142, 129, 132, 112, 117, 122, 127, 125, 120, 119, 114, 118, 115, 124, 121, 123, 126, 113, 116, 32, 37, 42, 47, 45, 40, 39, 34, 38, 35, 44, 41, 43, 46, 33, 36, 96, 101, 106, 111, 109, 104, 103, 98, 102, 99, 108, 105, 107, 110, 97, 100, 48, 53, 58, 63, 61, 56, 55, 50, 54, 51, 60, 57, 59, 62, 49, 52, 192, 197, 202, 207, 205, 200, 199, 194, 198, 195, 204, 201, 203, 206, 193, 196, 144, 149, 154, 159, 157, 152, 151, 146, 150, 147, 156, 153, 155, 158, 145, 148, 176, 181, 186, 191, 189, 184, 183, 178, 182, 179, 188, 185, 187, 190, 177, 180, 224, 229, 234, 239, 237, 232, 231, 226, 230, 227, 236, 233, 235, 238, 225, 228, 16, 21, 26, 31, 29, 24, 23, 18, 22, 19, 28, 25, 27, 30, 17, 20, 64, 69, 74, 79, 77, 72, 71, 66, 70, 67, 76, 73, 75, 78, 65, 68], [0, 6, 11, 13, 1, 7, 10, 12, 2, 4, 9, 15, 3, 5, 8, 14, 96, 102, 107, 109, 97, 103, 106, 108, 98, 100, 105, 111, 99, 101, 104, 110, 176, 182, 187, 189, 177, 183, 186, 188, 178, 180, 185, 191, 179, 181, 184, 190, 208, 214, 219, 221, 209, 215, 218, 220, 210, 212, 217, 223, 211, 213, 216, 222, 16, 22, 27, 29, 17, 23, 26, 28, 18, 20, 25, 31, 19, 21, 24, 30, 112, 118, 123, 125, 113, 119, 122, 124, 114, 116, 121, 127, 115, 117, 120, 126, 160, 166, 171, 173, 161, 167, 170, 172, 162, 164, 169, 175, 163, 165, 168, 174, 192, 198, 203, 205, 193, 199, 202, 204, 194, 196, 201, 207, 195, 197, 200, 206, 32, 38, 43, 45, 33, 39, 42, 44, 34, 36, 41, 47, 35, 37, 40, 46, 64, 70, 75, 77, 65, 71, 74, 76, 66, 68, 73, 79, 67, 69, 72, 78, 144, 150, 155, 157, 145, 151, 154, 156, 146, 148, 153, 159, 147, 149, 152, 158, 240, 246, 251, 253, 241, 247, 250, 252, 242, 244, 249, 255, 243, 245, 248, 254, 48, 54, 59, 61, 49, 55, 58, 60, 50, 52, 57, 63, 51, 53, 56, 62, 80, 86, 91, 93, 81, 87, 90, 92, 82, 84, 89, 95, 83, 85, 88, 94, 128, 134, 139, 141, 129, 135, 138, 140, 130, 132, 137, 143, 131, 133, 136, 142, 224, 230, 235, 237, 225, 231, 234, 236, 226, 228, 233, 239, 227, 229, 232, 238], [0, 7, 9, 14, 5, 2, 12, 11, 10, 13, 3, 4, 15, 8, 6, 1, 112, 119, 121, 126, 117, 114, 124, 123, 122, 125, 115, 116, 127, 120, 118, 113, 144, 151, 153, 158, 149, 146, 156, 155, 154, 157, 147, 148, 159, 152, 150, 145, 224, 231, 233, 238, 229, 226, 236, 235, 234, 237, 227, 228, 239, 232, 230, 225, 80, 87, 89, 94, 85, 82, 92, 91, 90, 93, 83, 84, 95, 88, 86, 81, 32, 39, 41, 46, 37, 34, 44, 43, 42, 45, 35, 36, 47, 40, 38, 33, 192, 199, 201, 206, 197, 194, 204, 203, 202, 205, 195, 196, 207, 200, 198, 193, 176, 183, 185, 190, 181, 178, 188, 187, 186, 189, 179, 180, 191, 184, 182, 177, 160, 167, 169, 174, 165, 162, 172, 171, 170, 173, 163, 164, 175, 168, 166, 161, 208, 215, 217, 222, 213, 210, 220, 219, 218, 221, 211, 212, 223, 216, 214, 209, 48, 55, 57, 62, 53, 50, 60, 59, 58, 61, 51, 52, 63, 56, 54, 49, 64, 71, 73, 78, 69, 66, 76, 75, 74, 77, 67, 68, 79, 72, 70, 65, 240, 247, 249, 254, 245, 242, 252, 251, 250, 253, 243, 244, 255, 248, 246, 241, 128, 135, 137, 142, 133, 130, 140, 139, 138, 141, 131, 132, 143, 136, 134, 129, 96, 103, 105, 110, 101, 98, 108, 107, 106, 109, 99, 100, 111, 104, 102, 97, 16, 23, 25, 30, 21, 18, 28, 27, 26, 29, 19, 20, 31, 24, 22, 17], [0, 8, 12, 4, 14, 6, 2, 10, 7, 15, 11, 3, 9, 1, 5, 13, 128, 136, 140, 132, 142, 134, 130, 138, 135, 143, 139, 131, 137, 129, 133, 141, 192, 200, 204, 196, 206, 198, 194, 202, 199, 207, 203, 195, 201, 193, 197, 205, 64, 72, 76, 68, 78, 70, 66, 74, 71, 79, 75, 67, 73, 65, 69, 77, 224, 232, 236, 228, 238, 230, 226, 234, 231, 239, 235, 227, 233, 225, 229, 237, 96, 104, 108, 100, 110, 102, 98, 106, 103, 111, 107, 99, 105, 97, 101, 109, 32, 40, 44, 36, 46, 38, 34, 42, 39, 47, 43, 35, 41, 33, 37, 45, 160, 168, 172, 164, 174, 166, 162, 170, 167, 175, 171, 163, 169, 161, 165, 173, 112, 120, 124, 116, 126, 118, 114, 122, 119, 127, 123, 115, 121, 113, 117, 125, 240, 248, 252, 244, 254, 246, 242, 250, 247, 255, 251, 243, 249, 241, 245, 253, 176, 184, 188, 180, 190, 182, 178, 186, 183, 191, 187, 179, 185, 177, 181, 189, 48, 56, 60, 52, 62, 54, 50, 58, 55, 63, 59, 51, 57, 49, 53, 61, 144, 152, 156, 148, 158, 150, 146, 154, 151, 159, 155, 147, 153, 145, 149, 157, 16, 24, 28, 20, 30, 22, 18, 26, 23, 31, 27, 19, 25, 17, 21, 29, 80, 88, 92, 84, 94, 86, 82, 90, 87, 95, 91, 83, 89, 81, 85, 93, 208, 216, 220, 212, 222, 214, 210, 218, 215, 223, 219, 211, 217, 209, 213, 221], [0, 9, 14, 7, 10, 3, 4, 13, 15, 6, 1, 8, 5, 12, 11, 2, 144, 153, 158, 151, 154, 147, 148, 157, 159, 150, 145, 152, 149, 156, 155, 146, 224, 233, 238, 231, 234, 227, 228, 237, 239, 230, 225, 232, 229, 236, 235, 226, 112, 121, 126, 119, 122, 115, 116, 125, 127, 118, 113, 120, 117, 124, 123, 114, 160, 169, 174, 167, 170, 163, 164, 173, 175, 166, 161, 168, 165, 172, 171, 162, 48, 57, 62, 55, 58, 51, 52, 61, 63, 54, 49, 56, 53, 60, 59, 50, 64, 73, 78, 71, 74, 67, 68, 77, 79, 70, 65, 72, 69, 76, 75, 66, 208, 217, 222, 215, 218, 211, 212, 221, 223, 214, 209, 216, 213, 220, 219, 210, 240, 249, 254, 247, 250, 243, 244, 253, 255, 246, 241, 248, 245, 252, 251, 242, 96, 105, 110, 103, 106, 99, 100, 109, 111, 102, 97, 104, 101, 108, 107, 98, 16, 25, 30, 23, 26, 19, 20, 29, 31, 22, 17, 24, 21, 28, 27, 18, 128, 137, 142, 135, 138, 131, 132, 141, 143, 134, 129, 136, 133, 140, 139, 130, 80, 89, 94, 87, 90, 83, 84, 93, 95, 86, 81, 88, 85, 92, 91, 82, 192, 201, 206, 199, 202, 195, 196, 205, 207, 198, 193, 200, 197, 204, 203, 194, 176, 185, 190, 183, 186, 179, 180, 189, 191, 182, 177, 184, 181, 188, 187, 178, 32, 41, 46, 39, 42, 35, 36, 45, 47, 38, 33, 40, 37, 44, 43, 34], [0, 10, 15, 5, 6, 12, 9, 3, 11, 1, 4, 14, 13, 7, 2, 8, 160, 170, 175, 165, 166, 172, 169, 163, 171, 161, 164, 174, 173, 167, 162, 168, 240, 250, 255, 245, 246, 252, 249, 243, 251, 241, 244, 254, 253, 247, 242, 248, 80, 90, 95, 85, 86, 92, 89, 83, 91, 81, 84, 94, 93, 87, 82, 88, 96, 106, 111, 101, 102, 108, 105, 99, 107, 97, 100, 110, 109, 103, 98, 104, 192, 202, 207, 197, 198, 204, 201, 195, 203, 193, 196, 206, 205, 199, 194, 200, 144, 154, 159, 149, 150, 156, 153, 147, 155, 145, 148, 158, 157, 151, 146, 152, 48, 58, 63, 53, 54, 60, 57, 51, 59, 49, 52, 62, 61, 55, 50, 56, 176, 186, 191, 181, 182, 188, 185, 179, 187, 177, 180, 190, 189, 183, 178, 184, 16, 26, 31, 21, 22, 28, 25, 19, 27, 17, 20, 30, 29, 23, 18, 24, 64, 74, 79, 69, 70, 76, 73, 67, 75, 65, 68, 78, 77, 71, 66, 72, 224, 234, 239, 229, 230, 236, 233, 227, 235, 225, 228, 238, 237, 231, 226, 232, 208, 218, 223, 213, 214, 220, 217, 211, 219, 209, 212, 222, 221, 215, 210, 216, 112, 122, 127, 117, 118, 124, 121, 115, 123, 113, 116, 126, 125, 119, 114, 120, 32, 42, 47, 37, 38, 44, 41, 35, 43, 33, 36, 46, 45, 39, 34, 40, 128, 138, 143, 133, 134, 140, 137, 131, 139, 129, 132, 142, 141, 135, 130, 136], [0, 11, 13, 6, 2, 9, 15, 4, 3, 8, 14, 5, 1, 10, 12, 7, 176, 187, 189, 182, 178, 185, 191, 180, 179, 184, 190, 181, 177, 186, 188, 183, 208, 219, 221, 214, 210, 217, 223, 212, 211, 216, 222, 213, 209, 218, 220, 215, 96, 107, 109, 102, 98, 105, 111, 100, 99, 104, 110, 101, 97, 106, 108, 103, 32, 43, 45, 38, 34, 41, 47, 36, 35, 40, 46, 37, 33, 42, 44, 39, 144, 155, 157, 150, 146, 153, 159, 148, 147, 152, 158, 149, 145, 154, 156, 151, 240, 251, 253, 246, 242, 249, 255, 244, 243, 248, 254, 245, 241, 250, 252, 247, 64, 75, 77, 70, 66, 73, 79, 68, 67, 72, 78, 69, 65, 74, 76, 71, 48, 59, 61, 54, 50, 57, 63, 52, 51, 56, 62, 53, 49, 58, 60, 55, 128, 139, 141, 134, 130, 137, 143, 132, 131, 136, 142, 133, 129, 138, 140, 135, 224, 235, 237, 230, 226, 233, 239, 228, 227, 232, 238, 229, 225, 234, 236, 231, 80, 91, 93, 86, 82, 89, 95, 84, 83, 88, 94, 85, 81, 90, 92, 87, 16, 27, 29, 22, 18, 25, 31, 20, 19, 24, 30, 21, 17, 26, 28, 23, 160, 171, 173, 166, 162, 169, 175, 164, 163, 168, 174, 165, 161, 170, 172, 167, 192, 203, 205, 198, 194, 201, 207, 196, 195, 200, 206, 197, 193, 202, 204, 199, 112, 123, 125, 118, 114, 121, 127, 116, 115, 120, 126, 117, 113, 122, 124, 119], [0, 12, 4, 8, 7, 11, 3, 15, 9, 5, 13, 1, 14, 2, 10, 6, 192, 204, 196, 200, 199, 203, 195, 207, 201, 197, 205, 193, 206, 194, 202, 198, 64, 76, 68, 72, 71, 75, 67, 79, 73, 69, 77, 65, 78, 66, 74, 70, 128, 140, 132, 136, 135, 139, 131, 143, 137, 133, 141, 129, 142, 130, 138, 134, 112, 124, 116, 120, 119, 123, 115, 127, 121, 117, 125, 113, 126, 114, 122, 118, 176, 188, 180, 184, 183, 187, 179, 191, 185, 181, 189, 177, 190, 178, 186, 182, 48, 60, 52, 56, 55, 59, 51, 63, 57, 53, 61, 49, 62, 50, 58, 54, 240, 252, 244, 248, 247, 251, 243, 255, 249, 245, 253, 241, 254, 242, 250, 246, 144, 156, 148, 152, 151, 155, 147, 159, 153, 149, 157, 145, 158, 146, 154, 150, 80, 92, 84, 88, 87, 91, 83, 95, 89, 85, 93, 81, 94, 82, 90, 86, 208, 220, 212, 216, 215, 219, 211, 223, 217, 213, 221, 209, 222, 210, 218, 214, 16, 28, 20, 24, 23, 27, 19, 31, 25, 21, 29, 17, 30, 18, 26, 22, 224, 236, 228, 232, 231, 235, 227, 239, 233, 229, 237, 225, 238, 226, 234, 230, 32, 44, 36, 40, 39, 43, 35, 47, 41, 37, 45, 33, 46, 34, 42, 38, 160, 172, 164, 168, 167, 171, 163, 175, 169, 165, 173, 161, 174, 162, 170, 166, 96, 108, 100, 104, 103, 107, 99, 111, 105, 101, 109, 97, 110, 98, 106, 102], [0, 13, 6, 11, 3, 14, 5, 8, 1, 12, 7, 10, 2, 15, 4, 9, 208, 221, 214, 219, 211, 222, 213, 216, 209, 220, 215, 218, 210, 223, 212, 217, 96, 109, 102, 107, 99, 110, 101, 104, 97, 108, 103, 106, 98, 111, 100, 105, 176, 189, 182, 187, 179, 190, 181, 184, 177, 188, 183, 186, 178, 191, 180, 185, 48, 61, 54, 59, 51, 62, 53, 56, 49, 60, 55, 58, 50, 63, 52, 57, 224, 237, 230, 235, 227, 238, 229, 232, 225, 236, 231, 234, 226, 239, 228, 233, 80, 93, 86, 91, 83, 94, 85, 88, 81, 92, 87, 90, 82, 95, 84, 89, 128, 141, 134, 139, 131, 142, 133, 136, 129, 140, 135, 138, 130, 143, 132, 137, 16, 29, 22, 27, 19, 30, 21, 24, 17, 28, 23, 26, 18, 31, 20, 25, 192, 205, 198, 203, 195, 206, 197, 200, 193, 204, 199, 202, 194, 207, 196, 201, 112, 125, 118, 123, 115, 126, 117, 120, 113, 124, 119, 122, 114, 127, 116, 121, 160, 173, 166, 171, 163, 174, 165, 168, 161, 172, 167, 170, 162, 175, 164, 169, 32, 45, 38, 43, 35, 46, 37, 40, 33, 44, 39, 42, 34, 47, 36, 41, 240, 253, 246, 251, 243, 254, 245, 248, 241, 252, 247, 250, 242, 255, 244, 249, 64, 77, 70, 75, 67, 78, 69, 72, 65, 76, 71, 74, 66, 79, 68, 73, 144, 157, 150, 155, 147, 158, 149, 152, 145, 156, 151, 154, 146, 159, 148, 153], [0, 14, 7, 9, 15, 1, 8, 6, 5, 11, 2, 12, 10, 4, 13, 3, 224, 238, 231, 233, 239, 225, 232, 230, 229, 235, 226, 236, 234, 228, 237, 227, 112, 126, 119, 121, 127, 113, 120, 118, 117, 123, 114, 124, 122, 116, 125, 115, 144, 158, 151, 153, 159, 145, 152, 150, 149, 155, 146, 156, 154, 148, 157, 147, 240, 254, 247, 249, 255, 241, 248, 246, 245, 251, 242, 252, 250, 244, 253, 243, 16, 30, 23, 25, 31, 17, 24, 22, 21, 27, 18, 28, 26, 20, 29, 19, 128, 142, 135, 137, 143, 129, 136, 134, 133, 139, 130, 140, 138, 132, 141, 131, 96, 110, 103, 105, 111, 97, 104, 102, 101, 107, 98, 108, 106, 100, 109, 99, 80, 94, 87, 89, 95, 81, 88, 86, 85, 91, 82, 92, 90, 84, 93, 83, 176, 190, 183, 185, 191, 177, 184, 182, 181, 187, 178, 188, 186, 180, 189, 179, 32, 46, 39, 41, 47, 33, 40, 38, 37, 43, 34, 44, 42, 36, 45, 35, 192, 206, 199, 201, 207, 193, 200, 198, 197, 203, 194, 204, 202, 196, 205, 195, 160, 174, 167, 169, 175, 161, 168, 166, 165, 171, 162, 172, 170, 164, 173, 163, 64, 78, 71, 73, 79, 65, 72, 70, 69, 75, 66, 76, 74, 68, 77, 67, 208, 222, 215, 217, 223, 209, 216, 214, 213, 219, 210, 220, 218, 212, 221, 211, 48, 62, 55, 57, 63, 49, 56, 54, 53, 59, 50, 60, 58, 52, 61, 51], [0, 15, 5, 10, 11, 4, 14, 1, 13, 2, 8, 7, 6, 9, 3, 12, 240, 255, 245, 250, 251, 244, 254, 241, 253, 242, 248, 247, 246, 249, 243, 252, 80, 95, 85, 90, 91, 84, 94, 81, 93, 82, 88, 87, 86, 89, 83, 92, 160, 175, 165, 170, 171, 164, 174, 161, 173, 162, 168, 167, 166, 169, 163, 172, 176, 191, 181, 186, 187, 180, 190, 177, 189, 178, 184, 183, 182, 185, 179, 188, 64, 79, 69, 74, 75, 68, 78, 65, 77, 66, 72, 71, 70, 73, 67, 76, 224, 239, 229, 234, 235, 228, 238, 225, 237, 226, 232, 231, 230, 233, 227, 236, 16, 31, 21, 26, 27, 20, 30, 17, 29, 18, 24, 23, 22, 25, 19, 28, 208, 223, 213, 218, 219, 212, 222, 209, 221, 210, 216, 215, 214, 217, 211, 220, 32, 47, 37, 42, 43, 36, 46, 33, 45, 34, 40, 39, 38, 41, 35, 44, 128, 143, 133, 138, 139, 132, 142, 129, 141, 130, 136, 135, 134, 137, 131, 140, 112, 127, 117, 122, 123, 116, 126, 113, 125, 114, 120, 119, 118, 121, 115, 124, 96, 111, 101, 106, 107, 100, 110, 97, 109, 98, 104, 103, 102, 105, 99, 108, 144, 159, 149, 154, 155, 148, 158, 145, 157, 146, 152, 151, 150, 153, 147, 156, 48, 63, 53, 58, 59, 52, 62, 49, 61, 50, 56, 55, 54, 57, 51, 60, 192, 207, 197, 202, 203, 196, 206, 193, 205, 194, 200, 199, 198, 201, 195, 204], [0, 16, 32, 48, 64, 80, 96, 112, 128, 144, 160, 176, 192, 208, 224, 240, 65, 81, 97, 113, 1, 17, 33, 49, 193, 209, 225, 241, 129, 145, 161, 177, 130, 146, 162, 178, 194, 210, 226, 242, 2, 18, 34, 50, 66, 82, 98, 114, 195, 211, 227, 243, 131, 147, 163, 179, 67, 83, 99, 115, 3, 19, 35, 51, 148, 132, 180, 164, 212, 196, 244, 228, 20, 4, 52, 36, 84, 68, 116, 100, 213, 197, 245, 229, 149, 133, 181, 165, 85, 69, 117, 101, 21, 5, 53, 37, 22, 6, 54, 38, 86, 70, 118, 102, 150, 134, 182, 166, 214, 198, 246, 230, 87, 71, 119, 103, 23, 7, 55, 39, 215, 199, 247, 231, 151, 135, 183, 167, 232, 248, 200, 216, 168, 184, 136, 152, 104, 120, 72, 88, 40, 56, 8, 24, 169, 185, 137, 153, 233, 249, 201, 217, 41, 57, 9, 25, 105, 121, 73, 89, 106, 122, 74, 90, 42, 58, 10, 26, 234, 250, 202, 218, 170, 186, 138, 154, 43, 59, 11, 27, 107, 123, 75, 91, 171, 187, 139, 155, 235, 251, 203, 219, 124, 108, 92, 76, 60, 44, 28, 12, 252, 236, 220, 204, 188, 172, 156, 140, 61, 45, 29, 13, 125, 109, 93, 77, 189, 173, 157, 141, 253, 237, 221, 205, 254, 238, 222, 206, 190, 174, 158, 142, 126, 110, 94, 78, 62, 46, 30, 14, 191, 175, 159, 143, 255, 239, 223, 207, 63, 47, 31, 15, 127, 111, 95, 79], [0, 17, 34, 51, 68, 85, 102, 119, 136, 153, 170, 187, 204, 221, 238, 255, 81, 64, 115, 98, 21, 4, 55, 38, 217, 200, 251, 234, 157, 140, 191, 174, 162, 179, 128, 145, 230, 247, 196, 213, 42, 59, 8, 25, 110, 127, 76, 93, 243, 226, 209, 192, 183, 166, 149, 132, 123, 106, 89, 72, 63, 46, 29, 12, 212, 197, 246, 231, 144, 129, 178, 163, 92, 77, 126, 111, 24, 9, 58, 43, 133, 148, 167, 182, 193, 208, 227, 242, 13, 28, 47, 62, 73, 88, 107, 122, 118, 103, 84, 69, 50, 35, 16, 1, 254, 239, 220, 205, 186, 171, 152, 137, 39, 54, 5, 20, 99, 114, 65, 80, 175, 190, 141, 156, 235, 250, 201, 216, 104, 121, 74, 91, 44, 61, 14, 31, 224, 241, 194, 211, 164, 181, 134, 151, 57, 40, 27, 10, 125, 108, 95, 78, 177, 160, 147, 130, 245, 228, 215, 198, 202, 219, 232, 249, 142, 159, 172, 189, 66, 83, 96, 113, 6, 23, 36, 53, 155, 138, 185, 168, 223, 206, 253, 236, 19, 2, 49, 32, 87, 70, 117, 100, 188, 173, 158, 143, 248, 233, 218, 203, 52, 37, 22, 7, 112, 97, 82, 67, 237, 252, 207, 222, 169, 184, 139, 154, 101, 116, 71, 86, 33, 48, 3, 18, 30, 15, 60, 45, 90, 75, 120, 105, 150, 135, 180, 165, 210, 195, 240, 225, 79, 94, 109, 124, 11, 26, 41, 56, 199, 214, 229, 244, 131, 146, 161, 176], [0, 18, 35, 49, 72, 90, 107, 121, 140, 158, 175, 189, 196, 214, 231, 245, 97, 115, 66, 80, 41, 59, 10, 24, 237, 255, 206, 220, 165, 183, 134, 148, 178, 160, 145, 131, 250, 232, 217, 203, 62, 44, 29, 15, 118, 100, 85, 71, 211, 193, 240, 226, 155, 137, 184, 170, 95, 77, 124, 110, 23, 5, 52, 38, 20, 6, 55, 37, 92, 78, 127, 109, 152, 138, 187, 169, 208, 194, 243, 225, 117, 103, 86, 68, 61, 47, 30, 12, 249, 235, 218, 200, 177, 163, 146, 128, 166, 180, 133, 151, 238, 252, 205, 223, 42, 56, 9, 27, 98, 112, 65, 83, 199, 213, 228, 246, 143, 157, 172, 190, 75, 89, 104, 122, 3, 17, 32, 50, 40, 58, 11, 25, 96, 114, 67, 81, 164, 182, 135, 149, 236, 254, 207, 221, 73, 91, 106, 120, 1, 19, 34, 48, 197, 215, 230, 244, 141, 159, 174, 188, 154, 136, 185, 171, 210, 192, 241, 227, 22, 4, 53, 39, 94, 76, 125, 111, 251, 233, 216, 202, 179, 161, 144, 130, 119, 101, 84, 70, 63, 45, 28, 14, 60, 46, 31, 13, 116, 102, 87, 69, 176, 162, 147, 129, 248, 234, 219, 201, 93, 79, 126, 108, 21, 7, 54, 36, 209, 195, 242, 224, 153, 139, 186, 168, 142, 156, 173, 191, 198, 212, 229, 247, 2, 16, 33, 51, 74, 88, 105, 123, 239, 253, 204, 222, 167, 181, 132, 150, 99, 113, 64, 82, 43, 57, 8, 26], [0, 19, 33, 50, 76, 95, 109, 126, 132, 151, 165, 182, 200, 219, 233, 250, 113, 98, 80, 67, 61, 46, 28, 15, 245, 230, 212, 199, 185, 170, 152, 139, 146, 129, 179, 160, 222, 205, 255, 236, 22, 5, 55, 36, 90, 73, 123, 104, 227, 240, 194, 209, 175, 188, 142, 157, 103, 116, 70, 85, 43, 56, 10, 25, 84, 71, 117, 102, 24, 11, 57, 42, 208, 195, 241, 226, 156, 143, 189, 174, 37, 54, 4, 23, 105, 122, 72, 91, 161, 178, 128, 147, 237, 254, 204, 223, 198, 213, 231, 244, 138, 153, 171, 184, 66, 81, 99, 112, 14, 29, 47, 60, 183, 164, 150, 133, 251, 232, 218, 201, 51, 32, 18, 1, 127, 108, 94, 77, 168, 187, 137, 154, 228, 247, 197, 214, 44, 63, 13, 30, 96, 115, 65, 82, 217, 202, 248, 235, 149, 134, 180, 167, 93, 78, 124, 111, 17, 2, 48, 35, 58, 41, 27, 8, 118, 101, 87, 68, 190, 173, 159, 140, 242, 225, 211, 192, 75, 88, 106, 121, 7, 20, 38, 53, 207, 220, 238, 253, 131, 144, 162, 177, 252, 239, 221, 206, 176, 163, 145, 130, 120, 107, 89, 74, 52, 39, 21, 6, 141, 158, 172, 191, 193, 210, 224, 243, 9, 26, 40, 59, 69, 86, 100, 119, 110, 125, 79, 92, 34, 49, 3, 16, 234, 249, 203, 216, 166, 181, 135, 148, 31, 12, 62, 45, 83, 64, 114, 97, 155, 136, 186, 169, 215, 196, 246, 229], [0, 20, 40, 60, 73, 93, 97, 117, 142, 154, 166, 178, 199, 211, 239, 251, 1, 21, 41, 61, 72, 92, 96, 116, 143, 155, 167, 179, 198, 210, 238, 250, 2, 22, 42, 62, 75, 95, 99, 119, 140, 152, 164, 176, 197, 209, 237, 249, 3, 23, 43, 63, 74, 94, 98, 118, 141, 153, 165, 177, 196, 208, 236, 248, 4, 16, 44, 56, 77, 89, 101, 113, 138, 158, 162, 182, 195, 215, 235, 255, 5, 17, 45, 57, 76, 88, 100, 112, 139, 159, 163, 183, 194, 214, 234, 254, 6, 18, 46, 58, 79, 91, 103, 115, 136, 156, 160, 180, 193, 213, 233, 253, 7, 19, 47, 59, 78, 90, 102, 114, 137, 157, 161, 181, 192, 212, 232, 252, 8, 28, 32, 52, 65, 85, 105, 125, 134, 146, 174, 186, 207, 219, 231, 243, 9, 29, 33, 53, 64, 84, 104, 124, 135, 147, 175, 187, 206, 218, 230, 242, 10, 30, 34, 54, 67, 87, 107, 127, 132, 144, 172, 184, 205, 217, 229, 241, 11, 31, 35, 55, 66, 86, 106, 126, 133, 145, 173, 185, 204, 216, 228, 240, 12, 24, 36, 48, 69, 81, 109, 121, 130, 150, 170, 190, 203, 223, 227, 247, 13, 25, 37, 49, 68, 80, 108, 120, 131, 151, 171, 191, 202, 222, 226, 246, 14, 26, 38, 50, 71, 83, 111, 123, 128, 148, 168, 188, 201, 221, 225, 245, 15, 27, 39, 51, 70, 82, 110, 122, 129, 149, 169, 189, 200, 220, 224, 244], [0, 21, 42, 63, 77, 88, 103, 114, 134, 147, 172, 185, 203, 222, 225, 244, 17, 4, 59, 46, 92, 73, 118, 99, 151, 130, 189, 168, 218, 207, 240, 229, 34, 55, 8, 29, 111, 122, 69, 80, 164, 177, 142, 155, 233, 252, 195, 214, 51, 38, 25, 12, 126, 107, 84, 65, 181, 160, 159, 138, 248, 237, 210, 199, 68, 81, 110, 123, 9, 28, 35, 54, 194, 215, 232, 253, 143, 154, 165, 176, 85, 64, 127, 106, 24, 13, 50, 39, 211, 198, 249, 236, 158, 139, 180, 161, 102, 115, 76, 89, 43, 62, 1, 20, 224, 245, 202, 223, 173, 184, 135, 146, 119, 98, 93, 72, 58, 47, 16, 5, 241, 228, 219, 206, 188, 169, 150, 131, 136, 157, 162, 183, 197, 208, 239, 250, 14, 27, 36, 49, 67, 86, 105, 124, 153, 140, 179, 166, 212, 193, 254, 235, 31, 10, 53, 32, 82, 71, 120, 109, 170, 191, 128, 149, 231, 242, 205, 216, 44, 57, 6, 19, 97, 116, 75, 94, 187, 174, 145, 132, 246, 227, 220, 201, 61, 40, 23, 2, 112, 101, 90, 79, 204, 217, 230, 243, 129, 148, 171, 190, 74, 95, 96, 117, 7, 18, 45, 56, 221, 200, 247, 226, 144, 133, 186, 175, 91, 78, 113, 100, 22, 3, 60, 41, 238, 251, 196, 209, 163, 182, 137, 156, 104, 125, 66, 87, 37, 48, 15, 26, 255, 234, 213, 192, 178, 167, 152, 141, 121, 108, 83, 70, 52, 33, 30, 11], [0, 22, 43, 61, 65, 87, 106, 124, 130, 148, 169, 191, 195, 213, 232, 254, 33, 55, 10, 28, 96, 118, 75, 93, 163, 181, 136, 158, 226, 244, 201, 223, 50, 36, 25, 15, 115, 101, 88, 78, 176, 166, 155, 141, 241, 231, 218, 204, 19, 5, 56, 46, 82, 68, 121, 111, 145, 135, 186, 172, 208, 198, 251, 237, 132, 146, 175, 185, 197, 211, 238, 248, 6, 16, 45, 59, 71, 81, 108, 122, 165, 179, 142, 152, 228, 242, 207, 217, 39, 49, 12, 26, 102, 112, 77, 91, 182, 160, 157, 139, 247, 225, 220, 202, 52, 34, 31, 9, 117, 99, 94, 72, 151, 129, 188, 170, 214, 192, 253, 235, 21, 3, 62, 40, 84, 66, 127, 105, 200, 222, 227, 245, 137, 159, 162, 180, 74, 92, 97, 119, 11, 29, 32, 54, 233, 255, 194, 212, 168, 190, 131, 149, 107, 125, 64, 86, 42, 60, 1, 23, 250, 236, 209, 199, 187, 173, 144, 134, 120, 110, 83, 69, 57, 47, 18, 4, 219, 205, 240, 230, 154, 140, 177, 167, 89, 79, 114, 100, 24, 14, 51, 37, 76, 90, 103, 113, 13, 27, 38, 48, 206, 216, 229, 243, 143, 153, 164, 178, 109, 123, 70, 80, 44, 58, 7, 17, 239, 249, 196, 210, 174, 184, 133, 147, 126, 104, 85, 67, 63, 41, 20, 2, 252, 234, 215, 193, 189, 171, 150, 128, 95, 73, 116, 98, 30, 8, 53, 35, 221, 203, 246, 224, 156, 138, 183, 161], [0, 23, 41, 62, 69, 82, 108, 123, 138, 157, 163, 180, 207, 216, 230, 241, 49, 38, 24, 15, 116, 99, 93, 74, 187, 172, 146, 133, 254, 233, 215, 192, 18, 5, 59, 44, 87, 64, 126, 105, 152, 143, 177, 166, 221, 202, 244, 227, 35, 52, 10, 29, 102, 113, 79, 88, 169, 190, 128, 151, 236, 251, 197, 210, 196, 211, 237, 250, 129, 150, 168, 191, 78, 89, 103, 112, 11, 28, 34, 53, 245, 226, 220, 203, 176, 167, 153, 142, 127, 104, 86, 65, 58, 45, 19, 4, 214, 193, 255, 232, 147, 132, 186, 173, 92, 75, 117, 98, 25, 14, 48, 39, 231, 240, 206, 217, 162, 181, 139, 156, 109, 122, 68, 83, 40, 63, 1, 22, 72, 95, 97, 118, 13, 26, 36, 51, 194, 213, 235, 252, 135, 144, 174, 185, 121, 110, 80, 71, 60, 43, 21, 2, 243, 228, 218, 205, 182, 161, 159, 136, 90, 77, 115, 100, 31, 8, 54, 33, 208, 199, 249, 238, 149, 130, 188, 171, 107, 124, 66, 85, 46, 57, 7, 16, 225, 246, 200, 223, 164, 179, 141, 154, 140, 155, 165, 178, 201, 222, 224, 247, 6, 17, 47, 56, 67, 84, 106, 125, 189, 170, 148, 131, 248, 239, 209, 198, 55, 32, 30, 9, 114, 101, 91, 76, 158, 137, 183, 160, 219, 204, 242, 229, 20, 3, 61, 42, 81, 70, 120, 111, 175, 184, 134, 145, 234, 253, 195, 212, 37, 50, 12, 27, 96, 119, 73, 94], [0, 24, 44, 52, 78, 86, 98, 122, 135, 159, 171, 179, 201, 209, 229, 253, 193, 217, 237, 245, 143, 151, 163, 187, 70, 94, 106, 114, 8, 16, 36, 60, 66, 90, 110, 118, 12, 20, 32, 56, 197, 221, 233, 241, 139, 147, 167, 191, 131, 155, 175, 183, 205, 213, 225, 249, 4, 28, 40, 48, 74, 82, 102, 126, 116, 108, 88, 64, 58, 34, 22, 14, 243, 235, 223, 199, 189, 165, 145, 137, 181, 173, 153, 129, 251, 227, 215, 207, 50, 42, 30, 6, 124, 100, 80, 72, 54, 46, 26, 2, 120, 96, 84, 76, 177, 169, 157, 133, 255, 231, 211, 203, 247, 239, 219, 195, 185, 161, 149, 141, 112, 104, 92, 68, 62, 38, 18, 10, 152, 128, 180, 172, 214, 206, 250, 226, 31, 7, 51, 43, 81, 73, 125, 101, 89, 65, 117, 109, 23, 15, 59, 35, 222, 198, 242, 234, 144, 136, 188, 164, 218, 194, 246, 238, 148, 140, 184, 160, 93, 69, 113, 105, 19, 11, 63, 39, 27, 3, 55, 47, 85, 77, 121, 97, 156, 132, 176, 168, 210, 202, 254, 230, 236, 244, 192, 216, 162, 186, 142, 150, 107, 115, 71, 95, 37, 61, 9, 17, 45, 53, 1, 25, 99, 123, 79, 87, 170, 178, 134, 158, 228, 252, 200, 208, 174, 182, 130, 154, 224, 248, 204, 212, 41, 49, 5, 29, 103, 127, 75, 83, 111, 119, 67, 91, 33, 57, 13, 21, 232, 240, 196, 220, 166, 190, 138, 146], [0, 25, 46, 55, 74, 83, 100, 125, 143, 150, 161, 184, 197, 220, 235, 242, 209, 200, 255, 230, 155, 130, 181, 172, 94, 71, 112, 105, 20, 13, 58, 35, 98, 123, 76, 85, 40, 49, 6, 31, 237, 244, 195, 218, 167, 190, 137, 144, 179, 170, 157, 132, 249, 224, 215, 206, 60, 37, 18, 11, 118, 111, 88, 65, 52, 45, 26, 3, 126, 103, 80, 73, 187, 162, 149, 140, 241, 232, 223, 198, 229, 252, 203, 210, 175, 182, 129, 152, 106, 115, 68, 93, 32, 57, 14, 23, 86, 79, 120, 97, 28, 5, 50, 43, 217, 192, 247, 238, 147, 138, 189, 164, 135, 158, 169, 176, 205, 212, 227, 250, 8, 17, 38, 63, 66, 91, 108, 117, 24, 1, 54, 47, 82, 75, 124, 101, 151, 142, 185, 160, 221, 196, 243, 234, 201, 208, 231, 254, 131, 154, 173, 180, 70, 95, 104, 113, 12, 21, 34, 59, 122, 99, 84, 77, 48, 41, 30, 7, 245, 236, 219, 194, 191, 166, 145, 136, 171, 178, 133, 156, 225, 248, 207, 214, 36, 61, 10, 19, 110, 119, 64, 89, 44, 53, 2, 27, 102, 127, 72, 81, 163, 186, 141, 148, 233, 240, 199, 222, 253, 228, 211, 202, 183, 174, 153, 128, 114, 107, 92, 69, 56, 33, 22, 15, 78, 87, 96, 121, 4, 29, 42, 51, 193, 216, 239, 246, 139, 146, 165, 188, 159, 134, 177, 168, 213, 204, 251, 226, 16, 9, 62, 39, 90, 67, 116, 109], [0, 26, 47, 53, 70, 92, 105, 115, 139, 145, 164, 190, 205, 215, 226, 248, 225, 251, 206, 212, 167, 189, 136, 146, 106, 112, 69, 95, 44, 54, 3, 25, 114, 104, 93, 71, 52, 46, 27, 1, 249, 227, 214, 204, 191, 165, 144, 138, 147, 137, 188, 166, 213, 207, 250, 224, 24, 2, 55, 45, 94, 68, 113, 107, 244, 238, 219, 193, 178, 168, 157, 135, 127, 101, 80, 74, 57, 35, 22, 12, 21, 15, 58, 32, 83, 73, 124, 102, 158, 132, 177, 171, 216, 194, 247, 237, 134, 156, 169, 179, 192, 218, 239, 245, 13, 23, 34, 56, 75, 81, 100, 126, 103, 125, 72, 82, 33, 59, 14, 20, 236, 246, 195, 217, 170, 176, 133, 159, 88, 66, 119, 109, 30, 4, 49, 43, 211, 201, 252, 230, 149, 143, 186, 160, 185, 163, 150, 140, 255, 229, 208, 202, 50, 40, 29, 7, 116, 110, 91, 65, 42, 48, 5, 31, 108, 118, 67, 89, 161, 187, 142, 148, 231, 253, 200, 210, 203, 209, 228, 254, 141, 151, 162, 184, 64, 90, 111, 117, 6, 28, 41, 51, 172, 182, 131, 153, 234, 240, 197, 223, 39, 61, 8, 18, 97, 123, 78, 84, 77, 87, 98, 120, 11, 17, 36, 62, 198, 220, 233, 243, 128, 154, 175, 181, 222, 196, 241, 235, 152, 130, 183, 173, 85, 79, 122, 96, 19, 9, 60, 38, 63, 37, 16, 10, 121, 99, 86, 76, 180, 174, 155, 129, 242, 232, 221, 199], [0, 27, 45, 54, 66, 89, 111, 116, 131, 152, 174, 181, 193, 218, 236, 247, 241, 234, 220, 199, 179, 168, 158, 133, 114, 105, 95, 68, 48, 43, 29, 6, 82, 73, 127, 100, 16, 11, 61, 38, 209, 202, 252, 231, 147, 136, 190, 165, 163, 184, 142, 149, 225, 250, 204, 215, 32, 59, 13, 22, 98, 121, 79, 84, 180, 175, 153, 130, 246, 237, 219, 192, 55, 44, 26, 1, 117, 110, 88, 67, 69, 94, 104, 115, 7, 28, 42, 49, 198, 221, 235, 240, 132, 159, 169, 178, 230, 253, 203, 208, 164, 191, 137, 146, 101, 126, 72, 83, 39, 60, 10, 17, 23, 12, 58, 33, 85, 78, 120, 99, 148, 143, 185, 162, 214, 205, 251, 224, 216, 195, 245, 238, 154, 129, 183, 172, 91, 64, 118, 109, 25, 2, 52, 47, 41, 50, 4, 31, 107, 112, 70, 93, 170, 177, 135, 156, 232, 243, 197, 222, 138, 145, 167, 188, 200, 211, 229, 254, 9, 18, 36, 63, 75, 80, 102, 125, 123, 96, 86, 77, 57, 34, 20, 15, 248, 227, 213, 206, 186, 161, 151, 140, 108, 119, 65, 90, 46, 53, 3, 24, 239, 244, 194, 217, 173, 182, 128, 155, 157, 134, 176, 171, 223, 196, 242, 233, 30, 5, 51, 40, 92, 71, 113, 106, 62, 37, 19, 8, 124, 103, 81, 74, 189, 166, 144, 139, 255, 228, 210, 201, 207, 212, 226, 249, 141, 150, 160, 187, 76, 87, 97, 122, 14, 21, 35, 56], [0, 28, 36, 56, 71, 91, 99, 127, 137, 149, 173, 177, 206, 210, 234, 246, 129, 157, 165, 185, 198, 218, 226, 254, 8, 20, 44, 48, 79, 83, 107, 119, 194, 222, 230, 250, 133, 153, 161, 189, 75, 87, 111, 115, 12, 16, 40, 52, 67, 95, 103, 123, 4, 24, 32, 60, 202, 214, 238, 242, 141, 145, 169, 181, 228, 248, 192, 220, 163, 191, 135, 155, 109, 113, 73, 85, 42, 54, 14, 18, 101, 121, 65, 93, 34, 62, 6, 26, 236, 240, 200, 212, 171, 183, 143, 147, 38, 58, 2, 30, 97, 125, 69, 89, 175, 179, 139, 151, 232, 244, 204, 208, 167, 187, 131, 159, 224, 252, 196, 216, 46, 50, 10, 22, 105, 117, 77, 81, 120, 100, 92, 64, 63, 35, 27, 7, 241, 237, 213, 201, 182, 170, 146, 142, 249, 229, 221, 193, 190, 162, 154, 134, 112, 108, 84, 72, 55, 43, 19, 15, 186, 166, 158, 130, 253, 225, 217, 197, 51, 47, 23, 11, 116, 104, 80, 76, 59, 39, 31, 3, 124, 96, 88, 68, 178, 174, 150, 138, 245, 233, 209, 205, 156, 128, 184, 164, 219, 199, 255, 227, 21, 9, 49, 45, 82, 78, 118, 106, 29, 1, 57, 37, 90, 70, 126, 98, 148, 136, 176, 172, 211, 207, 247, 235, 94, 66, 122, 102, 25, 5, 61, 33, 215, 203, 243, 239, 144, 140, 180, 168, 223, 195, 251, 231, 152, 132, 188, 160, 86, 74, 114, 110, 17, 13, 53, 41], [0, 29, 38, 59, 67, 94, 101, 120, 129, 156, 167, 186, 194, 223, 228, 249, 145, 140, 183, 170, 210, 207, 244, 233, 16, 13, 54, 43, 83, 78, 117, 104, 226, 255, 196, 217, 161, 188, 135, 154, 99, 126, 69, 88, 32, 61, 6, 27, 115, 110, 85, 72, 48, 45, 22, 11, 242, 239, 212, 201, 177, 172, 151, 138, 164, 185, 130, 159, 231, 250, 193, 220, 37, 56, 3, 30, 102, 123, 64, 93, 53, 40, 19, 14, 118, 107, 80, 77, 180, 169, 146, 143, 247, 234, 209, 204, 70, 91, 96, 125, 5, 24, 35, 62, 199, 218, 225, 252, 132, 153, 162, 191, 215, 202, 241, 236, 148, 137, 178, 175, 86, 75, 112, 109, 21, 8, 51, 46, 248, 229, 222, 195, 187, 166, 157, 128, 121, 100, 95, 66, 58, 39, 28, 1, 105, 116, 79, 82, 42, 55, 12, 17, 232, 245, 206, 211, 171, 182, 141, 144, 26, 7, 60, 33, 89, 68, 127, 98, 155, 134, 189, 160, 216, 197, 254, 227, 139, 150, 173, 176, 200, 213, 238, 243, 10, 23, 44, 49, 73, 84, 111, 114, 92, 65, 122, 103, 31, 2, 57, 36, 221, 192, 251, 230, 158, 131, 184, 165, 205, 208, 235, 246, 142, 147, 168, 181, 76, 81, 106, 119, 15, 18, 41, 52, 190, 163, 152, 133, 253, 224, 219, 198, 63, 34, 25, 4, 124, 97, 90, 71, 47, 50, 9, 20, 108, 113, 74, 87, 174, 179, 136, 149, 237, 240, 203, 214], [0, 30, 39, 57, 79, 81, 104, 118, 133, 155, 162, 188, 202, 212, 237, 243, 161, 191, 134, 152, 238, 240, 201, 215, 36, 58, 3, 29, 107, 117, 76, 82, 242, 236, 213, 203, 189, 163, 154, 132, 119, 105, 80, 78, 56, 38, 31, 1, 83, 77, 116, 106, 28, 2, 59, 37, 214, 200, 241, 239, 153, 135, 190, 160, 100, 122, 67, 93, 43, 53, 12, 18, 225, 255, 198, 216, 174, 176, 137, 151, 197, 219, 226, 252, 138, 148, 173, 179, 64, 94, 103, 121, 15, 17, 40, 54, 150, 136, 177, 175, 217, 199, 254, 224, 19, 13, 52, 42, 92, 66, 123, 101, 55, 41, 16, 14, 120, 102, 95, 65, 178, 172, 149, 139, 253, 227, 218, 196, 184, 166, 159, 129, 247, 233, 208, 206, 61, 35, 26, 4, 114, 108, 85, 75, 25, 7, 62, 32, 86, 72, 113, 111, 156, 130, 187, 165, 211, 205, 244, 234, 74, 84, 109, 115, 5, 27, 34, 60, 207, 209, 232, 246, 128, 158, 167, 185, 235, 245, 204, 210, 164, 186, 131, 157, 110, 112, 73, 87, 33, 63, 6, 24, 220, 194, 251, 229, 147, 141, 180, 170, 89, 71, 126, 96, 22, 8, 49, 47, 125, 99, 90, 68, 50, 44, 21, 11, 248, 230, 223, 193, 183, 169, 144, 142, 46, 48, 9, 23, 97, 127, 70, 88, 171, 181, 140, 146, 228, 250, 195, 221, 143, 145, 168, 182, 192, 222, 231, 249, 10, 20, 45, 51, 69, 91, 98, 124], [0, 31, 37, 58, 75, 84, 110, 113, 141, 146, 168, 183, 198, 217, 227, 252, 177, 174, 148, 139, 250, 229, 223, 192, 60, 35, 25, 6, 119, 104, 82, 77, 210, 205, 247, 232, 153, 134, 188, 163, 95, 64, 122, 101, 20, 11, 49, 46, 99, 124, 70, 89, 40, 55, 13, 18, 238, 241, 203, 212, 165, 186, 128, 159, 36, 59, 1, 30, 111, 112, 74, 85, 169, 182, 140, 147, 226, 253, 199, 216, 149, 138, 176, 175, 222, 193, 251, 228, 24, 7, 61, 34, 83, 76, 118, 105, 246, 233, 211, 204, 189, 162, 152, 135, 123, 100, 94, 65, 48, 47, 21, 10, 71, 88, 98, 125, 12, 19, 41, 54, 202, 213, 239, 240, 129, 158, 164, 187, 56, 39, 29, 2, 115, 108, 86, 73, 181, 170, 144, 143, 254, 225, 219, 196, 137, 150, 172, 179, 194, 221, 231, 248, 4, 27, 33, 62, 79, 80, 106, 117, 234, 245, 207, 208, 161, 190, 132, 155, 103, 120, 66, 93, 44, 51, 9, 22, 91, 68, 126, 97, 16, 15, 53, 42, 214, 201, 243, 236, 157, 130, 184, 167, 28, 3, 57, 38, 87, 72, 114, 109, 145, 142, 180, 171, 218, 197, 255, 224, 173, 178, 136, 151, 230, 249, 195, 220, 32, 63, 5, 26, 107, 116, 78, 81, 206, 209, 235, 244, 133, 154, 160, 191, 67, 92, 102, 121, 8, 23, 45, 50, 127, 96, 90, 69, 52, 43, 17, 14, 242, 237, 215, 200, 185, 166, 156, 131], [0, 32, 48, 16, 128, 160, 176, 144, 192, 224, 240, 208, 64, 96, 112, 80, 130, 162, 178, 146, 2, 34, 50, 18, 66, 98, 114, 82, 194, 226, 242, 210, 195, 227, 243, 211, 67, 99, 115, 83, 3, 35, 51, 19, 131, 163, 179, 147, 65, 97, 113, 81, 193, 225, 241, 209, 129, 161, 177, 145, 1, 33, 49, 17, 232, 200, 216, 248, 104, 72, 88, 120, 40, 8, 24, 56, 168, 136, 152, 184, 106, 74, 90, 122, 234, 202, 218, 250, 170, 138, 154, 186, 42, 10, 26, 58, 43, 11, 27, 59, 171, 139, 155, 187, 235, 203, 219, 251, 107, 75, 91, 123, 169, 137, 153, 185, 41, 9, 25, 57, 105, 73, 89, 121, 233, 201, 217, 249, 124, 92, 76, 108, 252, 220, 204, 236, 188, 156, 140, 172, 60, 28, 12, 44, 254, 222, 206, 238, 126, 94, 78, 110, 62, 30, 14, 46, 190, 158, 142, 174, 191, 159, 143, 175, 63, 31, 15, 47, 127, 95, 79, 111, 255, 223, 207, 239, 61, 29, 13, 45, 189, 157, 141, 173, 253, 221, 205, 237, 125, 93, 77, 109, 148, 180, 164, 132, 20, 52, 36, 4, 84, 116, 100, 68, 212, 244, 228, 196, 22, 54, 38, 6, 150, 182, 166, 134, 214, 246, 230, 198, 86, 118, 102, 70, 87, 119, 103, 71, 215, 247, 231, 199, 151, 183, 167, 135, 23, 55, 39, 7, 213, 245, 229, 197, 85, 117, 101, 69, 21, 53, 37, 5, 149, 181, 165, 133], [0, 33, 50, 19, 132, 165, 182, 151, 200, 233, 250, 219, 76, 109, 126, 95, 146, 179, 160, 129, 22, 55, 36, 5, 90, 123, 104, 73, 222, 255, 236, 205, 227, 194, 209, 240, 103, 70, 85, 116, 43, 10, 25, 56, 175, 142, 157, 188, 113, 80, 67, 98, 245, 212, 199, 230, 185, 152, 139, 170, 61, 28, 15, 46, 168, 137, 154, 187, 44, 13, 30, 63, 96, 65, 82, 115, 228, 197, 214, 247, 58, 27, 8, 41, 190, 159, 140, 173, 242, 211, 192, 225, 118, 87, 68, 101, 75, 106, 121, 88, 207, 238, 253, 220, 131, 162, 177, 144, 7, 38, 53, 20, 217, 248, 235, 202, 93, 124, 111, 78, 17, 48, 35, 2, 149, 180, 167, 134, 252, 221, 206, 239, 120, 89, 74, 107, 52, 21, 6, 39, 176, 145, 130, 163, 110, 79, 92, 125, 234, 203, 216, 249, 166, 135, 148, 181, 34, 3, 16, 49, 31, 62, 45, 12, 155, 186, 169, 136, 215, 246, 229, 196, 83, 114, 97, 64, 141, 172, 191, 158, 9, 40, 59, 26, 69, 100, 119, 86, 193, 224, 243, 210, 84, 117, 102, 71, 208, 241, 226, 195, 156, 189, 174, 143, 24, 57, 42, 11, 198, 231, 244, 213, 66, 99, 112, 81, 14, 47, 60, 29, 138, 171, 184, 153, 183, 150, 133, 164, 51, 18, 1, 32, 127, 94, 77, 108, 251, 218, 201, 232, 37, 4, 23, 54, 161, 128, 147, 178, 237, 204, 223, 254, 105, 72, 91, 122], [0, 34, 51, 17, 136, 170, 187, 153, 204, 238, 255, 221, 68, 102, 119, 85, 162, 128, 145, 179, 42, 8, 25, 59, 110, 76, 93, 127, 230, 196, 213, 247, 243, 209, 192, 226, 123, 89, 72, 106, 63, 29, 12, 46, 183, 149, 132, 166, 81, 115, 98, 64, 217, 251, 234, 200, 157, 191, 174, 140, 21, 55, 38, 4, 104, 74, 91, 121, 224, 194, 211, 241, 164, 134, 151, 181, 44, 14, 31, 61, 202, 232, 249, 219, 66, 96, 113, 83, 6, 36, 53, 23, 142, 172, 189, 159, 155, 185, 168, 138, 19, 49, 32, 2, 87, 117, 100, 70, 223, 253, 236, 206, 57, 27, 10, 40, 177, 147, 130, 160, 245, 